14 23 26 33 16 39 40 37 47 54 31 42 53 40 14 24 36 47 44 23 9 12 25 42 30 35 14 30 21 54 31 8 33 43 34 38 50 38 29 11 10 6 26 29 35 28 26 18 34 18 35 48 48 49 16 43 42 63 45 21 8 8 18 55 61 30 19 33 46 40 40 5 18 23 25 
24 12 19 8 27 26 34 40 43 25 27 40 26 18 18 40 34 32 15 16 25 33 42 20 20 10 16 7 50 30 10 19 30 24 26 41 34 24 25 24 21 26 14 21 17 13 26 36 14 21 36 34 51 30 29 34 50 35 20 8 16 29 46 50 18 7 26 34 31 34 9 7 11 14 
26 42 16 29 34 14 28 39 15 42 42 46 9 12 16 41 54 39 32 19 14 19 20 35 32 36 29 32 8 16 29 34 48 49 33 17 10 29 31 26 3 32 30 41 36 11 12 10 33 36 46 27 25 47 24 52 59 41 26 15 40 38 45 24 20 50 58 55 20 21 31 20 19 
18 12 15 14 30 31 31 18 17 27 20 24 15 41 21 29 22 29 34 38 40 11 10 21 11 9 43 29 19 7 18 26 25 31 29 21 37 36 33 27 7 9 20 14 33 36 16 9 24 22 49 40 21 25 38 36 30 21 25 42 35 38 7 7 31 34 33 26 21 15 5 7 
26 30 25 48 48 45 36 16 37 8 37 32 58 28 12 13 29 44 53 58 29 14 20 6 13 60 46 30 20 30 10 7 46 47 39 43 40 39 44 11 22 7 7 46 53 32 18 37 24 67 49 12 42 46 18 23 25 36 42 50 52 24 21 16 16 15 44 28 15 22 25 
23 24 25 32 38 17 29 37 30 12 10 32 32 38 23 22 22 27 34 14 22 18 20 12 42 21 8 18 27 31 33 34 26 16 27 26 22 18 17 19 25 19 21 28 6 21 31 34 42 28 32 26 47 43 28 14 13 34 39 44 14 5 34 42 38 26 11 15 7 9 
7 25 18 15 15 19 13 28 32 18 41 12 39 37 44 44 43 35 9 16 37 24 25 32 28 31 10 5 40 36 16 22 20 50 50 46 29 20 8 35 29 39 35 23 12 8 19 44 50 27 14 24 48 46 36 36 57 20 23 9 20 46 44 45 18 34 31 16 14 
32 25 20 20 12 13 22 35 22 47 7 32 33 43 47 48 42 14 11 35 19 22 39 33 33 7 5 35 30 22 29 25 51 50 46 34 15 5 30 25 43 41 26 7 12 12 51 52 20 21 24 41 43 35 38 56 25 27 10 20 41 38 40 25 35 29 17 15 
15 29 12 43 36 50 23 16 17 37 60 49 46 34 24 10 19 38 43 42 37 17 7 30 30 30 56 55 22 4 9 44 46 41 12 37 30 50 43 25 11 20 35 29 44 19 39 50 14 44 66 53 39 29 55 26 33 25 28 60 64 63 9 35 41 26 23 
15 15 38 23 47 35 23 32 28 58 53 54 47 40 23 20 35 50 41 40 13 22 39 27 21 57 54 7 11 18 56 57 52 26 37 26 51 45 39 26 29 31 17 36 30 53 46 6 30 66 60 47 41 65 10 18 24 33 62 63 63 7 43 46 29 26 
24 30 10 41 44 30 46 18 52 53 59 57 52 38 23 31 52 39 40 26 35 46 25 15 55 50 8 25 29 64 64 60 38 35 23 50 44 50 41 36 27 8 26 45 63 39 15 15 61 61 51 49 72 7 7 25 36 61 58 60 20 49 47 31 29 
31 27 38 20 7 26 27 48 39 39 33 29 22 7 26 35 30 26 25 13 23 18 20 45 43 19 10 5 41 42 37 14 25 18 39 32 26 20 13 23 20 33 31 38 38 10 37 55 45 31 25 50 24 30 13 18 49 53 51 9 28 31 14 12 
22 11 41 30 57 13 21 28 42 51 55 53 23 7 33 13 21 51 43 36 13 16 26 20 34 40 35 53 51 48 43 13 13 23 19 50 51 33 8 23 7 62 56 8 33 30 31 38 35 42 55 37 37 18 24 33 27 30 36 36 26 22 22 
33 46 31 53 9 43 47 56 58 56 45 23 24 49 32 36 36 40 45 20 9 47 42 17 32 32 64 63 59 41 29 18 43 38 53 47 37 20 7 16 53 64 30 22 10 53 57 48 49 70 17 15 22 33 54 49 52 27 48 43 29 27 
42 35 61 24 10 21 37 51 58 60 30 12 28 10 19 60 49 36 20 26 16 9 44 48 41 50 48 46 47 13 21 15 14 51 56 36 16 33 17 69 56 4 42 40 20 31 32 42 50 47 48 24 25 23 16 19 45 35 22 25 27 
14 23 42 50 32 23 12 15 28 22 34 24 32 24 41 17 8 29 36 42 44 39 25 16 21 22 17 12 29 30 35 30 9 20 8 33 39 46 35 18 44 30 56 53 33 18 6 31 44 50 24 17 43 53 49 27 13 24 19 19 
26 29 44 32 31 27 26 25 8 24 28 26 20 32 14 16 17 22 39 39 26 16 6 34 34 30 12 22 18 33 27 21 21 6 21 25 34 34 33 36 17 42 50 38 24 19 42 31 36 12 12 43 48 46 16 20 25 9 8 
53 70 55 46 28 13 11 33 50 47 52 45 29 13 31 44 46 64 65 39 21 21 39 42 37 14 48 44 57 52 18 6 26 48 46 59 14 31 63 31 61 75 56 41 28 51 43 50 38 37 66 74 71 26 36 47 36 34 
34 39 50 54 55 47 21 15 41 24 29 41 40 40 14 7 38 33 23 34 32 58 58 54 41 21 12 35 30 50 47 34 12 11 8 56 60 21 25 17 44 49 42 45 63 25 24 18 28 45 40 43 29 42 35 24 23 
22 40 56 65 70 40 22 31 18 25 71 58 42 30 37 12 6 55 58 50 54 51 50 56 22 31 16 19 59 66 44 26 44 27 79 61 13 52 50 10 31 36 48 51 58 58 35 33 18 6 11 55 40 26 34 36 
18 36 47 57 33 23 9 15 13 64 45 24 27 38 10 16 53 49 39 32 29 28 41 18 29 6 8 40 51 30 26 45 36 66 39 25 47 57 21 10 15 29 30 57 60 29 20 10 22 17 47 20 8 24 27 
21 35 51 36 35 9 29 21 63 40 16 36 47 28 34 57 47 37 14 11 11 35 29 38 24 23 28 44 26 37 52 49 59 23 41 49 67 39 12 8 18 13 61 66 34 23 25 40 33 47 11 15 27 30 
15 36 34 44 26 41 32 52 27 15 40 49 46 50 52 37 29 11 14 10 22 39 42 41 37 10 28 21 44 52 57 42 5 54 43 69 58 33 20 9 23 57 63 36 27 45 58 53 40 16 30 30 31 
23 34 48 38 48 39 40 18 23 43 48 57 59 46 28 24 26 30 25 14 44 44 51 46 7 15 22 47 50 60 27 18 60 37 66 69 47 32 18 38 50 57 38 32 58 68 64 32 27 40 33 33 
30 48 51 51 46 18 12 36 40 40 65 65 30 13 19 47 50 45 16 47 40 59 53 26 8 27 45 38 55 9 40 60 23 53 76 61 45 34 59 33 40 35 37 68 74 72 18 41 49 35 33 
18 30 22 20 31 20 22 10 14 38 36 20 17 11 41 41 36 20 18 10 32 25 30 27 13 15 17 26 39 40 30 14 34 47 40 28 26 48 25 30 5 13 42 45 44 15 26 26 9 6 
26 8 14 48 38 29 7 16 24 19 32 36 29 46 44 41 36 6 8 19 14 43 45 26 4 23 13 57 49 12 30 33 31 33 28 35 49 36 38 12 17 30 28 29 32 29 20 15 16 
19 12 60 39 15 28 39 19 25 51 44 34 23 20 19 34 20 30 15 13 31 44 23 29 45 40 59 30 31 44 59 31 10 6 20 22 56 60 27 17 19 32 26 44 11 6 21 24 
9 54 40 26 14 24 16 13 40 40 32 41 38 36 38 4 16 11 6 41 47 26 12 31 21 60 46 13 36 42 25 25 22 32 42 44 46 17 15 22 22 22 38 25 13 16 18 
51 34 17 15 26 19 20 40 36 27 32 30 27 31 8 17 13 7 33 41 19 16 33 28 55 37 22 34 46 30 21 14 23 35 44 48 16 8 23 29 26 34 16 6 11 14 
24 47 40 35 69 67 18 16 26 61 64 58 29 49 39 63 57 42 25 37 44 30 50 21 56 59 18 40 79 70 56 47 72 19 26 36 43 74 76 76 16 52 56 40 37 
24 30 33 53 53 28 10 8 37 39 34 5 36 31 47 41 18 7 15 35 33 46 20 32 50 19 49 64 49 33 23 48 32 39 25 25 56 62 60 14 29 37 24 22 
26 35 33 36 42 31 21 18 18 14 19 24 28 27 23 16 29 10 29 40 42 44 20 39 34 56 45 25 9 6 26 47 53 23 12 34 45 40 32 5 16 16 17 
11 30 26 26 28 22 44 43 39 30 10 2 25 19 38 38 21 4 17 17 50 46 19 22 31 38 36 28 31 49 30 32 5 13 36 35 36 25 28 22 10 10 
40 35 17 26 25 54 53 49 34 20 8 35 29 44 40 28 12 7 15 49 55 25 18 20 46 47 39 40 60 20 22 12 24 46 43 45 22 38 33 19 18 
7 56 55 46 42 39 39 50 20 32 6 12 50 60 38 28 47 33 74 50 20 51 56 11 18 26 39 39 60 62 33 28 7 12 7 53 30 17 30 33 
52 54 46 48 45 44 51 18 28 10 13 53 60 39 23 42 26 74 54 13 49 50 11 25 30 42 46 55 57 30 28 14 9 10 51 34 20 29 32 
18 23 60 61 56 31 36 24 51 45 44 33 32 28 12 32 37 57 42 9 23 64 61 49 45 68 5 11 24 34 62 61 62 13 46 46 29 26 
10 46 48 43 15 36 27 49 42 28 15 21 32 25 41 22 42 48 10 40 65 54 40 31 57 22 29 23 28 59 63 62 5 36 41 25 22 
37 39 34 9 28 22 40 34 21 16 11 26 25 38 28 34 41 14 42 57 44 30 22 47 28 34 17 18 50 55 53 11 26 31 16 14 
4 4 32 40 46 38 36 21 39 27 46 58 60 53 10 53 51 74 53 26 18 15 12 65 71 41 30 40 54 48 48 16 28 34 36 
5 34 38 45 35 33 24 42 28 45 58 58 56 14 51 52 74 50 22 16 16 9 66 71 41 29 36 51 44 50 15 25 33 36 
29 35 41 34 32 19 37 23 42 54 55 51 11 49 47 70 50 23 14 11 14 61 67 37 26 37 51 45 45 12 24 30 31 
34 30 43 38 13 10 12 34 35 46 24 27 48 22 51 61 44 29 18 43 36 43 24 22 52 60 57 18 24 33 21 20 
12 15 9 38 43 22 8 27 20 56 44 15 31 39 29 27 22 30 43 40 42 13 12 26 27 26 33 23 14 12 14 
27 21 39 38 22 5 15 16 49 48 20 21 29 40 39 30 33 51 28 30 6 15 38 37 37 24 30 24 12 11 
6 44 53 31 23 42 31 68 45 19 46 52 17 16 20 33 36 55 57 27 21 11 17 13 47 24 11 24 26 
39 48 26 18 36 27 62 42 18 39 48 23 19 18 29 36 49 51 21 15 17 22 19 41 21 8 17 20 
18 17 42 47 55 32 14 54 35 63 62 40 25 11 33 49 56 33 26 50 61 57 31 20 33 28 28 
22 42 40 54 14 32 57 25 55 71 54 39 26 51 37 44 33 32 62 70 67 20 34 43 31 29 
25 31 38 36 26 37 23 48 49 33 19 12 36 37 43 16 10 40 48 45 21 15 21 11 11 
19 13 54 49 15 26 30 35 36 30 34 51 32 34 9 16 34 32 33 29 30 22 14 14 
20 46 58 31 15 16 53 54 44 44 65 13 15 18 29 53 50 52 20 43 39 25 22 
63 63 14 33 23 37 46 42 48 63 33 32 22 30 40 33 36 37 43 34 27 27 
45 69 31 60 85 69 53 41 65 40 47 44 46 77 83 81 26 49 58 44 42 
59 48 74 61 35 24 14 21 62 69 42 32 48 62 56 45 21 34 36 37 
41 37 23 35 35 45 54 45 45 25 27 27 19 22 44 38 25 26 28 
30 60 54 41 36 60 14 20 18 27 56 58 58 5 38 40 23 20 
60 67 59 60 80 20 15 33 44 63 56 60 35 58 53 40 38 
28 37 51 49 67 68 42 38 14 4 5 63 42 28 40 43 
15 28 21 65 69 37 27 14 30 23 54 20 14 31 34 
14 21 53 58 26 15 25 37 32 40 5 10 19 22 
25 50 55 27 18 39 50 46 33 9 22 21 22 
73 79 47 36 35 51 44 58 22 29 40 43 
7 28 38 66 64 65 18 51 50 34 31 
32 43 68 64 67 25 56 54 38 36 
11 38 39 39 20 25 22 7 5 
31 37 35 27 14 13 4 7 
16 9 57 30 18 34 37 
7 60 42 28 38 41 
60 37 24 37 39 
36 40 23 20 
13 18 20 
17 20 
3 
