666 281 395 291 326 640 426 600 561 1040 655 975 1120 299 260 429 161 305 210 286 46 181 274 410 728 798 707 406 360 146 90 827 135 121 125 207 240 166 208 395 565 463 154 240 279 791 267 64 217
649 1047 945 978 45 956 1134 1132 1638 1258 1440 1515 957 724 494 595 843 564 392 636 509 921 1028 1191 1301 1243 635 390 541 730 1488 782 776 785 857 896 827 869 896 102 1123 744 823 859 1151 910 728 596
603 508 542 610 308 485 487 1266 891 1247 1399 504 537 217 134 207 440 288 240 361 505 652 1005 1067 970 651 504 208 245 903 393 373 367 447 462 392 426 246 550 556 434 219 552 1072 504 288 463
104 69 1026 525 611 533 663 294 711 897 100 384 800 532 474 500 681 436 537 125 109 516 526 417 579 689 540 370 517 266 275 270 190 155 230 188 544 950 245 307 411 230 659 137 345 477
35 923 470 583 513 760 382 769 944 25 309 700 430 400 406 577 332 436 31 150 552 584 478 509 594 436 270 589 163 170 166 87 50 126 85 479 847 266 212 331 170 673 47 241 386
957 491 596 523 726 349 744 922 40 328 735 465 427 435 611 367 469 57 124 533 559 452 528 623 471 305 568 196 205 201 120 86 161 120 504 881 260 240 360 182 661 70 277 413
918 1095 1095 1627 1245 1440 1521 935 713 451 562 807 551 361 609 491 901 1012 1190 1297 1236 636 385 511 701 1459 760 754 761 836 874 804 846 857 76 1094 726 789 844 1156 890 701 584
183 180 1144 812 1234 1414 452 660 506 381 125 635 580 415 586 486 615 1022 1049 941 831 758 457 338 645 455 435 421 460 446 413 421 64 855 359 529 187 598 1135 495 383 643
83 1165 873 1316 1507 561 817 670 564 308 810 763 593 766 606 714 1126 1134 1024 998 940 640 510 570 606 589 574 596 571 557 555 239 1035 389 685 360 733 1257 617 550 815
1082 792 1236 1428 490 763 686 547 290 770 751 560 734 537 638 1049 1055 944 950 912 619 471 500 552 536 521 533 506 499 492 243 1031 307 631 329 669 1185 550 507 771
387 442 619 762 914 1460 1190 1124 1075 1314 1085 1143 770 631 541 417 417 1042 1250 1186 1030 706 905 920 920 835 810 885 845 1180 1552 789 912 1067 786 705 775 1000 1042
452 653 388 537 1078 806 768 694 927 700 758 387 245 335 283 182 688 874 800 650 584 520 535 535 450 429 503 465 836 1169 484 526 705 401 517 391 616 662
205 784 759 1399 1136 1169 919 1194 1020 1008 759 620 254 185 293 805 1056 1103 1004 1010 854 874 881 806 804 862 836 1248 1371 930 821 1098 696 324 755 959 884
961 883 1534 1280 1340 1034 1313 1164 1127 931 799 396 374 484 887 1146 1238 1160 1215 1009 1030 1039 971 974 1026 1004 1423 1457 1125 966 1267 848 364 925 1113 1000
332 700 432 387 424 585 338 451 55 164 571 599 492 533 611 443 270 568 176 181 174 102 61 132 90 464 859 241 231 319 195 695 71 246 406
650 407 548 165 435 297 249 277 326 505 597 525 200 337 356 330 897 211 228 243 244 283 265 282 640 639 570 132 476 155 539 261 281 130
271 421 512 253 383 418 691 834 1149 1226 1136 707 492 296 430 1120 561 544 542 627 650 575 615 442 408 773 579 436 708 1187 687 461 543
258 306 205 116 229 420 562 890 959 867 516 385 80 162 903 290 272 271 355 380 305 345 330 492 541 315 228 441 946 415 190 328
512 460 290 460 410 550 945 984 879 711 632 332 219 700 350 330 317 371 366 318 336 91 741 367 420 75 504 1044 415 267 521
278 223 94 378 467 665 761 690 210 189 236 300 990 256 261 275 322 365 313 348 601 476 638 194 450 295 679 364 263 35
250 186 558 684 941 1030 952 459 241 150 340 1097 416 406 411 491 526 453 495 525 289 733 401 433 530 957 549 344 313
174 317 455 773 844 753 428 352 104 97 852 180 165 166 251 281 206 248 377 535 488 199 232 325 832 311 93 237
412 521 754 845 770 296 179 152 267 1001 275 272 282 349 390 325 365 545 415 641 235 406 356 773 400 244 127
147 537 575 472 478 566 420 263 620 142 152 150 66 44 115 79 491 825 297 183 338 140 652 15 230 357
412 435 328 509 654 555 408 605 275 290 291 207 191 260 226 628 936 354 286 481 173 550 148 372 439
126 158 558 805 853 765 917 614 635 643 575 580 630 609 1028 1120 755 574 872 453 185 530 718 630
110 673 912 931 823 861 674 693 700 624 620 680 652 1063 1226 751 647 913 518 291 571 779 726
629 853 844 725 766 578 597 602 523 516 579 550 956 1163 641 559 809 428 344 469 683 656
259 445 492 1095 401 415 430 443 484 458 480 801 570 770 322 643 349 522 462 448 191
305 446 1172 439 441 453 509 551 494 531 712 315 815 382 583 481 782 553 422 215
190 948 281 268 270 354 385 310 353 408 438 583 285 292 415 895 413 197 262
758 151 130 122 202 220 148 185 311 628 393 207 151 312 845 260 50 305
734 731 720 668 625 678 642 704 1386 365 798 687 747 1095 636 763 973
21 33 76 115 58 92 441 684 382 80 276 161 697 133 105 243
15 86 120 53 93 421 678 376 96 255 182 718 145 85 251
85 115 43 85 408 686 363 111 242 191 729 145 81 265
43 55 41 457 760 327 130 297 138 676 60 165 305
75 35 449 798 286 173 294 163 690 49 191 348
42 407 728 324 136 244 186 726 112 115 302
421 770 293 161 263 179 714 80 157 333
796 401 512 165 593 1133 498 359 611
1021 650 720 768 1092 814 627 509
455 336 437 904 313 399 626
346 130 640 170 157 175
429 969 343 196 456
540 125 265 266
642 795 646
225 343
265
